1771261566129 1.3290168046951294 0
1771261571182 1.2426013946533203 1
1771261576354 1.0759491920471191 2
1771261580211 0.9044685959815979 3
1771261584155 0.5867745280265808 4
1771261587233 0.5327713489532471 5
1771261593414 0.29183757305145264 6
1771261598533 0.20856650173664093 7
1771261605693 0.3610790967941284 8
1771261611107 0.2847473919391632 9
1771261614722 0.8609687685966492 10
1771261618692 0.2749525308609009 11
1771261622438 0.5978178977966309 12
1771261625611 0.19413119554519653 13
1771261630080 0.42576271295547485 14
1771261633384 0.6943648457527161 15
1771261638023 0.2247570902109146 16
1771261642683 0.4804646074771881 17
1771261647556 0.2940272092819214 18
1771261652041 0.28794458508491516 19
1771261655576 0.34249746799468994 20
1771261659380 0.5373656749725342 21
1771261662994 0.26477184891700745 22
1771261669121 0.22054611146450043 23
1771261674523 0.400285542011261 24
1771261679021 0.22325341403484344 25
1771261682146 0.2791828513145447 26
1771261686561 0.47401589155197144 27
1771261719703 0.4233497977256775 28
1771261724339 0.6067424416542053 29
1771261729810 0.19335857033729553 30
1771261733558 0.34824880957603455 31
1771261737768 0.2743563950061798 32
1771261741102 0.23791643977165222 33
1771261746997 0.19406774640083313 34
1771261752082 0.18406878411769867 35
1771261757873 0.27015066146850586 36
1771261762513 0.20662401616573334 37
1771261765831 0.4904712736606598 38
1771261770258 0.19245463609695435 39
1771261774025 0.3654171824455261 40
1771261777773 0.16887935996055603 41
1771261782407 0.30422621965408325 42
1771261785960 0.5046783089637756 43
1771261790573 0.21462048590183258 44
1771261794859 0.4029310941696167 45
1771261800101 0.2880822420120239 46
1771261803877 0.2830415964126587 47
1771261807489 0.3268231749534607 48
1771261811236 0.4348127245903015 49
1771261814724 0.1988324075937271 50
1771261820460 0.18025581538677216 51
1771261824897 0.4146275222301483 52
1771261829417 0.22300876677036285 53
1771261832405 0.2787475287914276 54
1771261836906 0.43390417098999023 55
1771261867436 0.40863773226737976 56
1771261871525 0.5534460544586182 57
1771261876680 0.19898690283298492 58
1771261880774 0.3326609134674072 59
1771261884657 0.26976388692855835 60
1771261887997 0.24155130982398987 61
1771261893404 0.19517220556735992 62
1771261897831 0.19076848030090332 63
1771261903772 0.26923662424087524 64
1771261908384 0.2075946182012558 65
1771261911855 0.48396989703178406 66
1771261915969 0.18781748414039612 67
1771261920163 0.3645317852497101 68
1771261923570 0.1641400158405304 69
1771261927668 0.30809444189071655 70
1771261930940 0.5134802460670471 71
1771261935618 0.2097793072462082 72
1771261939933 0.4109870493412018 73
1771261944701 0.2856086790561676 74
1771261948763 0.276035875082016 75
1771261952635 0.324017196893692 76
1771261956174 0.43813174962997437 77
1771261959490 0.1929977983236313 78
1771261965659 0.1804410070180893 79
1771261970256 0.40872853994369507 80
1771261974292 0.22298100590705872 81
1771261977493 0.27906084060668945 82
1771261982374 0.4336743652820587 83
1771262016029 0.4068763852119446 84
1771262020472 0.5478798151016235 85
1771262025610 0.20113885402679443 86
1771262029581 0.3317485749721527 87
1771262033466 0.2692033052444458 88
1771262036658 0.2414962202310562 89
1771262042155 0.19148094952106476 90
1771262046289 0.18943051993846893 91
1771262051972 0.2692856192588806 92
1771262056511 0.20452941954135895 93
1771262059872 0.48766952753067017 94
1771262063939 0.1862456500530243 95
1771262067958 0.3638591170310974 96
1771262071457 0.1635303646326065 97
1771262075777 0.30895552039146423 98
1771262079138 0.5142171382904053 99
1771262083737 0.2094452828168869 100
1771262088020 0.4070933759212494 101
1771262092693 0.28534308075904846 102
1771262096323 0.27478185296058655 103
1771262100148 0.3235604166984558 104
1771262103706 0.43458235263824463 105
1771262107070 0.19650430977344513 106
1771262113361 0.18178606033325195 107
1771262117714 0.40574610233306885 108
1771262121682 0.22047914564609528 109
1771262124745 0.27908793091773987 110
1771262129472 0.4327896535396576 111
1771262161304 0.40552929043769836 112
1771262165536 0.5455121994018555 113
1771262170747 0.19929742813110352 114
1771262174957 0.3302891254425049 115
1771262178766 0.26830777525901794 116
1771262181736 0.24184159934520721 117
1771262187463 0.19084937870502472 118
1771262191944 0.1872178316116333 119
1771262197733 0.26853153109550476 120
1771262202374 0.20234280824661255 121
1771262205733 0.48278161883354187 122
1771262210429 0.1848718374967575 123
1771262214853 0.3586384057998657 124
1771262218895 0.1633661538362503 125
1771262223065 0.3080228269100189 126
1771262226593 0.5125778317451477 127
1771262230904 0.20679950714111328 128
1771262235572 0.40313756465911865 129
1771262240740 0.28389281034469604 130
1771262244594 0.2712036967277527 131
1771262248444 0.32213136553764343 132
1771262252199 0.43130046129226685 133
1771262255577 0.2001389116048813 134
1771262261326 0.1793764978647232 135
1771262266134 0.3991037905216217 136
1771262270238 0.21404293179512024 137
1771262273281 0.279704749584198 138
1771262278199 0.4309626817703247 139
1771262309259 0.4018113315105438 140
1771262313333 0.5319116115570068 141
1771262318249 0.19861045479774475 142
1771262322216 0.3250342905521393 143
1771262326433 0.2676672041416168 144
1771262330201 0.24346399307250977 145
1771262336923 0.1900569349527359 146
1771262341741 0.17799828946590424 147
1771262347771 0.2659624516963959 148
1771262352530 0.19573675096035004 149
1771262355937 0.4791412949562073 150
1771262360601 0.17986956238746643 151
1771262364397 0.3512224555015564 152
1771262367824 0.16320984065532684 153
1771262372437 0.30610421299934387 154
1771262375999 0.5076372027397156 155
1771262380247 0.2010268270969391 156
1771262384809 0.3904270827770233 157
1771262389720 0.2834738790988922 158
1771262393698 0.265458345413208 159
1771262397280 0.3223736882209778 160
1771262400996 0.42078226804733276 161
1771262404605 0.20700037479400635 162
1771262410654 0.17318373918533325 163
1771262415189 0.39063647389411926 164
1771262419466 0.19867610931396484 165
1771262422417 0.2820318937301636 166
1771262426808 0.4269093871116638 167
1771262458027 0.3991135358810425 168
1771262462201 0.5095061659812927 169
1771262467433 0.19714918732643127 170
1771262471342 0.3129814863204956 171
1771262475498 0.2647694945335388 172
1771262478635 0.24292927980422974 173
1771262484131 0.18563328683376312 174
1771262488868 0.16099420189857483 175
1771262494927 0.2614128589630127 176
1771262499537 0.18487760424613953 177
1771262502959 0.4649328887462616 178
1771262507175 0.171209916472435 179
1771262511180 0.33268219232559204 180
1771262514511 0.16233637928962708 181
1771262518577 0.3016171157360077 182
1771262522010 0.4940434694290161 183
1771262526654 0.1906668245792389 184
1771262531197 0.37297117710113525 185
1771262536275 0.28100672364234924 186
1771262539930 0.25309011340141296 187
1771262543805 0.3211060166358948 188
1771262547451 0.41066813468933105 189
1771262550841 0.20308199524879456 190
1771262556468 0.15740595757961273 191
1771262560722 0.3792693316936493 192
1771262564559 0.1807480752468109 193
1771262567424 0.2848481833934784 194
1771262571791 0.4048478901386261 195
1771262603857 0.381243497133255 196
1771262608192 0.4708634614944458 197
1771262613361 0.20818328857421875 198
1771262617525 0.2914310097694397 199
1771262621444 0.2576584219932556 200
1771262624506 0.23326388001441956 201
1771262630652 0.1713925302028656 202
1771262635725 0.14359380304813385 203
1771262642067 0.25438401103019714 204
1771262647100 0.1726018190383911 205
1771262650805 0.44441717863082886 206
1771262655031 0.16203205287456512 207
1771262659176 0.3024246394634247 208
1771262663121 0.16274578869342804 209
1771262667705 0.2889528274536133 210
1771262671351 0.45962923765182495 211
1771262675944 0.17573493719100952 212
1771262680587 0.34132468700408936 213
1771262686385 0.2737329304218292 214
1771262690792 0.23776830732822418 215
1771262695257 0.3113434612751007 216
1771262699460 0.39873406291007996 217
1771262703320 0.18002453446388245 218
1771262709562 0.14326347410678864 219
1771262713941 0.35652071237564087 220
1771262718107 0.16184556484222412 221
1771262721115 0.2743350565433502 222
1771262725737 0.3799653649330139 223
1771262757366 0.37374958395957947 224
1771262761520 0.44479259848594666 225
1771262766709 0.21242716908454895 226
1771262770771 0.27546000480651855 227
1771262775016 0.2557355463504791 228
1771262778114 0.21456310153007507 229
1771262783604 0.1618342250585556 230
1771262788129 0.13532991707324982 231
1771262793807 0.2490539699792862 232
1771262798805 0.15599891543388367 233
1771262802481 0.4116530418395996 234
1771262806972 0.15833346545696259 235
1771262811001 0.2791893482208252 236
1771262815299 0.16476882994174957 237
1771262820769 0.28173789381980896 238
1771262824181 0.43328940868377686 239
1771262829042 0.1621527373790741 240
1771262833742 0.3165082633495331 241
1771262839268 0.26410627365112305 242
1771262843523 0.22306981682777405 243
1771262847682 0.29677996039390564 244
1771262852061 0.3862416744232178 245
1771262855556 0.17003706097602844 246
1771262864185 0.13694968819618225 247
1771262869159 0.2948773503303528 248
1771262873519 0.14503799378871918 249
1771262876572 0.25151753425598145 250
1771262881077 0.3660029470920563 251
1771262913586 0.3582627475261688 252
1771262918065 0.42865341901779175 253
1771262923526 0.191716730594635 254
1771262927525 0.2565370202064514 255
1771262931566 0.24443580210208893 256
1771262935026 0.20561501383781433 257
1771262940716 0.1498674750328064 258
1771262945119 0.12266974151134491 259
1771262951515 0.2368139922618866 260
1771262956082 0.1369478851556778 261
1771262959455 0.34382787346839905 262
1771262963826 0.16141857206821442 263
1771262967778 0.26010721921920776 264
1771262971112 0.14981909096240997 265
1771262975044 0.2551419734954834 266
1771262978559 0.39607131481170654 267
1771262983122 0.13891161978244781 268
1771262987540 0.2982439398765564 269
1771262992920 0.2566424608230591 270
1771262996928 0.1942659616470337 271
1771263000613 0.28205054998397827 272
1771263004282 0.34855198860168457 273
1771263007526 0.17291003465652466 274
1771263013383 0.12874141335487366 275
1771263018169 0.26127851009368896 276
1771263022049 0.13315285742282867 277
1771263024908 0.21736177802085876 278
1771263029263 0.34221675992012024 279
1771263058397 0.3340895473957062 280
1771263062315 0.40966713428497314 281
1771263067263 0.19914716482162476 282
1771263071083 0.21744267642498016 283
1771263074760 0.21319769322872162 284
1771263077658 0.19589227437973022 285
1771263082785 0.13736256957054138 286
1771263086887 0.10790779441595078 287
1771263092466 0.23067966103553772 288
1771263096650 0.11996901035308838 289
1771263099731 0.31947562098503113 290
1771263103497 0.13957369327545166 291
1771263107037 0.23809382319450378 292
1771263110268 0.13407538831233978 293
1771263114219 0.24688199162483215 294
1771263117358 0.3697795867919922 295
1771263121443 0.12174569815397263 296
1771263125824 0.28387653827667236 297
1771263130949 0.2600492835044861 298
1771263135105 0.1742597371339798 299
1771263139043 0.26982077956199646 300
1771263143269 0.32008007168769836 301
1771263146679 0.15951953828334808 302
1771263152495 0.1227126270532608 303
1771263157042 0.23108486831188202 304
1771263161201 0.13506987690925598 305
1771263164434 0.19279775023460388 306
1771263169169 0.30545949935913086 307
1771263200689 0.3142473101615906 308
1771263204822 0.4073767066001892 309
1771263210129 0.15077590942382812 310
1771263213992 0.20765548944473267 311
1771263218238 0.19383850693702698 312
1771263221337 0.18021169304847717 313
1771263226769 0.13061411678791046 314
1771263231182 0.09589999914169312 315
1771263236622 0.21818183362483978 316
1771263241006 0.10989603400230408 317
1771263244226 0.2813820540904999 318
1771263248327 0.12465835362672806 319
1771263252369 0.22169359028339386 320
1771263255667 0.11233785003423691 321
1771263260011 0.2225176990032196 322
1771263263358 0.35208114981651306 323
1771263267687 0.10810030251741409 324
1771263272129 0.2549877166748047 325
1771263276983 0.2584773302078247 326
1771263280814 0.15412044525146484 327
1771263284469 0.24434489011764526 328
1771263288265 0.2901967167854309 329
1771263291808 0.1538238525390625 330
1771263297630 0.10725469142198563 331
1771263301983 0.20378951728343964 332
1771263306267 0.11621551960706711 333
1771263309361 0.1648612916469574 334
1771263313850 0.2829238474369049 335
1771263345449 0.2845805287361145 336
1771263349616 0.3739617168903351 337
1771263354992 0.1569828987121582 338
1771263359177 0.1763094812631607 339
1771263362945 0.16341416537761688 340
1771263366262 0.16748268902301788 341
1771263371586 0.1154990941286087 342
1771263375784 0.08621720224618912 343
1771263381499 0.21248884499073029 344
1771263385935 0.10207787901163101 345
1771263389350 0.26045092940330505 346
1771263393421 0.11280747503042221 347
1771263397389 0.20338000357151031 348
1771263400914 0.09190735220909119 349
1771263405183 0.220367893576622 350
1771263408382 0.3252001702785492 351
1771263412835 0.09734391421079636 352
1771263417333 0.23356856405735016 353
1771263422149 0.26151368021965027 354
1771263426314 0.14228032529354095 355
1771263430100 0.22261179983615875 356
1771263433874 0.268435001373291 357
1771263437332 0.14970029890537262 358
1771263443726 0.0961151123046875 359
1771263448107 0.18645969033241272 360
1771263452338 0.10838928818702698 361
1771263455645 0.14434856176376343 362
1771263460339 0.24776285886764526 363
1771263491912 0.2587152123451233 364
1771263496097 0.3574998080730438 365
1771263501317 0.1365339159965515 366
1771263505521 0.15776817500591278 367
1771263509518 0.1425512582063675 368
1771263512698 0.15543903410434723 369
1771263518319 0.10918509215116501 370
1771263522527 0.06987328082323074 371
1771263528374 0.20197376608848572 372
1771263533228 0.10006940364837646 373
1771263536633 0.22789913415908813 374
1771263540661 0.10237497836351395 375
1771263544575 0.19704408943653107 376
1771263548135 0.07628302276134491 377
1771263552278 0.1860160380601883 378
1771263555691 0.2904437184333801 379
1771263560048 0.0908949226140976 380
1771263564478 0.19184759259223938 381
1771263569087 0.2461726814508438 382
1771263572855 0.1266501545906067 383
1771263576584 0.212696373462677 384
1771263580372 0.2548563480377197 385
1771263583931 0.1342414915561676 386
1771263589854 0.08070346713066101 387
1771263594476 0.17677178978919983 388
1771263598723 0.10171820223331451 389
1771263601835 0.12699201703071594 390
1771263606602 0.22535283863544464 391
1771263638207 0.24276718497276306 392
1771263642232 0.32696327567100525 393
1771263647394 0.12153539061546326 394
1771263651306 0.1478031724691391 395
1771263655363 0.12220340222120285 396
1771263658403 0.14333003759384155 397
1771263664008 0.10381797701120377 398
1771263668490 0.06616640836000443 399
1771263673944 0.1899150162935257 400
1771263678315 0.09790463745594025 401
1771263681873 0.20258961617946625 402
1771263685850 0.0985303670167923 403
1771263689893 0.19012223184108734 404
1771263693603 0.06334023922681808 405
1771263697813 0.16640564799308777 406
1771263701115 0.25409701466560364 407
1771263705559 0.08377590775489807 408
1771263710109 0.18216179311275482 409
1771263714864 0.23069661855697632 410
1771263718747 0.11579801142215729 411
1771263722452 0.183606818318367 412
1771263726485 0.2349548488855362 413
1771263729837 0.11874053627252579 414
1771263736057 0.06751284003257751 415
1771263740527 0.15850983560085297 416
1771263744786 0.0896221399307251 417
1771263748045 0.10213740915060043 418
1771263752647 0.20823821425437927 419
1771263784067 0.21027037501335144 420
1771263788411 0.30601367354393005 421
1771263793634 0.11674845963716507 422
1771263797556 0.12623745203018188 423
1771263801758 0.10521117597818375 424
1771263805016 0.12785431742668152 425
1771263810545 0.08837936818599701 426
1771263814760 0.05739368870854378 427
1771263820635 0.17984206974506378 428
1771263825293 0.08866554498672485 429
1771263828499 0.17737466096878052 430
1771263832838 0.08979916572570801 431
1771263836513 0.17968010902404785 432
1771263840079 0.05567346513271332 433
1771263844350 0.15017710626125336 434
1771263847936 0.2394152283668518 435
1771263852431 0.07103531807661057 436
1771263856790 0.16888563334941864 437
1771263862185 0.21671520173549652 438
1771263866268 0.10325148701667786 439
1771263869938 0.15542396903038025 440
1771263873660 0.20878148078918457 441
1771263877438 0.09505624324083328 442
1771263883601 0.060382481664419174 443
1771263888260 0.147182896733284 444
1771263892727 0.09251578152179718 445
1771263895833 0.08717717230319977 446
1771263900562 0.19380322098731995 447
1771263932349 0.19442081451416016 448
1771263936714 0.28289952874183655 449
1771263941745 0.10413066297769547 450
1771263945531 0.11124065518379211 451
1771263949310 0.09263011068105698 452
1771263952639 0.12084747850894928 453
1771263957999 0.08327996730804443 454
1771263962522 0.048286519944667816 455
1771263968317 0.1756492704153061 456
1771263972689 0.07723019272089005 457
1771263976008 0.16367179155349731 458
1771263980104 0.08485420793294907 459
1771263984364 0.18237543106079102 460
1771263987991 0.04714468866586685 461
1771263992245 0.13010045886039734 462
1771263995864 0.20274567604064941 463
1771264000137 0.0651119127869606 464
1771264004699 0.15041066706180573 465
1771264009609 0.18838298320770264 466
1771264013772 0.09045640379190445 467
1771264017589 0.13381046056747437 468
1771264021362 0.18279783427715302 469
1771264025000 0.0755210667848587 470
1771264030997 0.06334513425827026 471
1771264035519 0.13084523379802704 472
1771264039525 0.07887813448905945 473
1771264043014 0.06980551779270172 474
1771264047807 0.17059455811977386 475
1771264079239 0.17771588265895844 476
1771264083507 0.24831214547157288 477
1771264088843 0.09700020402669907 478
1771264092879 0.11654387414455414 479
1771264096890 0.07751599699258804 480
1771264100017 0.10478921979665756 481
1771264105651 0.06836500763893127 482
1771264110513 0.042573846876621246 483
1771264116388 0.17806631326675415 484
1771264121157 0.07889103144407272 485
1771264124708 0.15297818183898926 486
1771264128962 0.08308053761720657 487
1771264132984 0.19617995619773865 488
1771264136513 0.0417349599301815 489
1771264140624 0.11933872103691101 490
1771264144015 0.1909552365541458 491
1771264148648 0.06299741566181183 492
1771264153254 0.17842449247837067 493
1771264158282 0.16332383453845978 494
1771264162489 0.0844816118478775 495
1771264166249 0.12596677243709564 496
1771264170325 0.17312073707580566 497
1771264173871 0.05393248051404953 498
1771264179828 0.058543089777231216 499
1771264184412 0.11858873069286346 500
1771264188406 0.07223411649465561 501
1771264191726 0.06632132083177567 502
1771264196658 0.1803678274154663 503
1771264228998 0.16365015506744385 504
1771264233345 0.22628553211688995 505
1771264238791 0.09015355259180069 506
1771264242798 0.12044236063957214 507
1771264246819 0.06643041223287582 508
1771264249935 0.09343702346086502 509
1771264255304 0.05446743592619896 510
1771264259666 0.03450456261634827 511
1771264265768 0.14572714269161224 512
1771264270499 0.07015550136566162 513
1771264273838 0.16657932102680206 514
1771264278096 0.09165850281715393 515
1771264282344 0.16299057006835938 516
1771264285894 0.03842783346772194 517
1771264290171 0.12475648522377014 518
1771264293687 0.22512896358966827 519
1771264298429 0.0584455206990242 520
1771264302850 0.1155378520488739 521
1771264307861 0.15750886499881744 522
1771264312214 0.09889879822731018 523
1771264315852 0.1760229617357254 524
1771264319661 0.12626394629478455 525
1771264323208 0.05489591509103775 526
1771264329378 0.10681856423616409 527
1771264334112 0.19924767315387726 528
1771264338336 0.07062508165836334 529
1771264341745 0.13761010766029358 530
1771264346194 0.1858929842710495 531
1771264378722 0.23693689703941345 532
1771264383105 0.3002640902996063 533
1771264388590 0.14528386294841766 534
1771264392936 0.08714526146650314 535
1771264396766 0.06926392018795013 536
1771264399909 0.18769614398479462 537
1771264405467 0.13270220160484314 538
1771264410017 0.11614937335252762 539
1771264415701 0.2710838317871094 540
1771264420490 0.1277458369731903 541
1771264424041 0.21636931598186493 542
1771264428082 0.11578741669654846 543
1771264432270 0.20455197989940643 544
1771264435675 0.07285073399543762 545
1771264439916 0.18806111812591553 546
1771264443316 0.26747462153434753 547
1771264447788 0.07920245826244354 548
1771264452381 0.13517217338085175 549
1771264457408 0.19511379301548004 550
1771264461591 0.09769906848669052 551
1771264465353 0.16326908767223358 552
1771264469220 0.15370865166187286 553
1771264472847 0.09538095444440842 554
1771264479332 0.050538353621959686 555
1771264484104 0.16106297075748444 556
1771264488302 0.073915995657444 557
1771264491655 0.0817994549870491 558
1771264496542 0.16099514067173004 559
1771264528935 0.19770818948745728 560
1771264533260 0.2276596575975418 561
1771264538533 0.1835985779762268 562
1771264542532 0.10079512000083923 563
1771264546506 0.06781794875860214 564
1771264549515 0.08983999490737915 565
1771264555225 0.058412816375494 566
1771264559578 0.04626497998833656 567
1771264565272 0.1992529332637787 568
1771264570055 0.07739169150590897 569
1771264573594 0.16035595536231995 570
1771264577658 0.06925942003726959 571
1771264582240 0.1805938184261322 572
1771264585850 0.04648555442690849 573
1771264590076 0.11526057124137878 574
1771264593451 0.185446098446846 575
1771264598312 0.08082345128059387 576
1771264602976 0.1437123417854309 577
1771264608205 0.15849830210208893 578
1771264612583 0.07651743292808533 579
1771264616591 0.12015894055366516 580
1771264620404 0.1271238923072815 581
1771264624018 0.06161440536379814 582
1771264629912 0.04978267103433609 583
1771264634460 0.13473235070705414 584
1771264638682 0.053812284022569656 585
1771264642067 0.07316658645868301 586
1771264646719 0.1553206890821457 587
1771264678663 0.13441646099090576 588
1771264683023 0.19205744564533234 589
1771264688493 0.11601594090461731 590
1771264692491 0.09286803752183914 591
1771264696508 0.07906541228294373 592
1771264699857 0.10214126855134964 593
1771264705583 0.05605176463723183 594
1771264710134 0.02911205217242241 595
1771264716266 0.163434237241745 596
1771264721029 0.05263279005885124 597
1771264724325 0.13946959376335144 598
1771264728600 0.048285309225320816 599
1771264733005 0.16984246671199799 600
1771264736620 0.04651329666376114 601
1771264740889 0.10134833306074142 602
1771264744436 0.17473039031028748 603
1771264749135 0.05067508667707443 604
1771264753543 0.12795311212539673 605
1771264758571 0.13636372983455658 606
1771264762926 0.077212393283844 607
1771264766565 0.12707211077213287 608
1771264770555 0.11239651590585709 609
1771264774153 0.04289407655596733 610
1771264780499 0.03931496664881706 611
1771264785057 0.11121872812509537 612
1771264789223 0.04719964787364006 613
1771264792623 0.055922191590070724 614
1771264797319 0.15525439381599426 615
1771261566129 1.3290168046951294 0
