1771267041853 1.4119017124176025 0
1771267045803 1.326023817062378 1
1771267050670 1.383310317993164 2
1771267054337 1.7021453380584717 3
1771267057962 1.545836091041565 4
1771267060861 1.455073356628418 5
1771267065974 1.4251844882965088 6
1771267070149 1.3960895538330078 7
1771267076076 1.388144850730896 8
1771267080971 1.381641149520874 9
1771267084015 1.3902679681777954 10
1771267087821 1.3741071224212646 11
1771267091923 1.3897253274917603 12
1771267095315 1.3565890789031982 13
1771267099493 1.3948514461517334 14
1771267102520 1.3781557083129883 15
1771267106587 1.346608281135559 16
1771267111056 1.4259415864944458 17
1771267116289 1.3726521730422974 18
1771267120024 1.3454806804656982 19
1771267123899 1.343496322631836 20
1771267127755 1.4778501987457275 21
1771267130962 1.3287277221679688 22
1771267137375 1.3025606870651245 23
1771267143082 1.339477777481079 24
1771267147767 1.3172502517700195 25
1771267150828 1.3130767345428467 26
1771267155646 1.5325263738632202 27
1771267187972 1.47499680519104 28
1771267192026 1.526620626449585 29
1771267196931 1.4209855794906616 30
1771267201075 1.3190281391143799 31
1771267204911 1.315925121307373 32
1771267208032 1.315616250038147 33
1771267213350 1.2929532527923584 34
1771267217681 1.30789315700531 35
1771267224196 1.3647404909133911 36
1771267229240 1.4317244291305542 37
1771267233212 1.3258730173110962 38
1771267238026 1.2811899185180664 39
1771267242373 1.3638747930526733 40
1771267246067 1.2743256092071533 41
1771267250312 1.4292516708374023 42
1771267253659 1.3087372779846191 43
1771267258208 1.2718325853347778 44
1771267262640 1.5241169929504395 45
1771267267473 1.3588368892669678 46
1771267271432 1.2796448469161987 47
1771267275203 1.2774080038070679 48
1771267278886 1.622369647026062 49
1771267282442 1.2750673294067383 50
1771267288241 1.226314663887024 51
1771267292836 1.2779231071472168 52
1771267296744 1.2537330389022827 53
1771267300012 1.2417027950286865 54
1771267305226 1.6719287633895874 55
1771267337379 1.5465314388275146 56
1771267341461 1.6209102869033813 57
1771267346580 1.4524470567703247 58
1771267350639 1.261415719985962 59
1771267354655 1.2583341598510742 60
1771267357768 1.242522120475769 61
1771267363272 1.237534761428833 62
1771267367744 1.201566457748413 63
1771267373267 1.3483134508132935 64
1771267377593 1.4813319444656372 65
1771267381100 1.2273540496826172 66
1771267385139 1.2265431880950928 67
1771267389220 1.4090733528137207 68
1771267393054 1.1430648565292358 69
1771267397581 1.423038125038147 70
1771267400973 1.2576372623443604 71
1771267405660 1.161185383796692 72
1771267410770 1.5722439289093018 73
1771267415985 1.2848072052001953 74
1771267420086 1.1493864059448242 75
1771267424517 1.1633716821670532 76
1771267428898 1.634924054145813 77
1771267432166 1.1991963386535645 78
1771267438320 0.9856423139572144 79
1771267443326 1.0301743745803833 80
1771267447968 0.890727698802948 81
1771267451034 0.9397715330123901 82
1771267456110 1.7682148218154907 83
1771267488632 1.7204279899597168 84
1771267492644 1.469148874282837 85
1771267498849 1.4203890562057495 86
1771267503335 0.9941459894180298 87
1771267507250 1.0263980627059937 88
1771267510576 0.952337920665741 89
1771267515824 1.0047831535339355 90
1771267520191 0.7404145002365112 91
1771267526014 1.3713945150375366 92
1771267530905 1.339314341545105 93
1771267534343 0.9547070264816284 94
1771267538397 1.1424906253814697 95
1771267542343 1.3048782348632812 96
1771267545651 0.9186118245124817 97
1771267549770 1.2138941287994385 98
1771267553787 1.0926023721694946 99
1771267558904 1.0041313171386719 100
1771267564249 1.3853915929794312 101
1771267569654 1.2336801290512085 102
1771267573835 0.9582604169845581 103
1771267577659 1.0129423141479492 104
1771267581353 1.3657712936401367 105
1771267584981 0.9201872944831848 106
1771267590858 0.7826721668243408 107
1771267595234 0.8256831765174866 108
1771267599159 0.816430389881134 109
1771267602405 0.7259383201599121 110
1771267606982 1.0403801202774048 111
1771267638694 1.2877577543258667 112
1771267643549 0.8126129508018494 113
1771267648996 1.0622214078903198 114
1771267653195 0.8433745503425598 115
1771267657640 0.7910935282707214 116
1771267661228 1.021714448928833 117
1771267667070 0.8652763366699219 118
1771267671707 0.4272068738937378 119
1771267677923 1.5453299283981323 120
1771267682829 1.3785279989242554 121
1771267686322 0.9025078415870667 122
1771267690802 1.3318159580230713 123
1771267694830 1.674545168876648 124
1771267698764 0.719186007976532 125
1771267703151 1.1224781274795532 126
1771267707203 1.403116226196289 127
1771267711888 0.7519485354423523 128
1771267716959 1.3919566869735718 129
1771267722128 1.031057596206665 130
1771267726259 0.8466642498970032 131
1771267730207 1.0886467695236206 132
1771267734506 0.977257490158081 133
1771267738305 1.2028753757476807 134
1771267744881 0.5160372257232666 135
1771267750027 0.8183631896972656 136
1771267754695 0.6454479694366455 137
1771267758293 0.6744672656059265 138
1771267763468 0.7884393930435181 139
1771267795040 1.3645976781845093 140
1771267799376 0.5930414795875549 141
1771267804267 0.8895308971405029 142
1771267808029 0.7439858913421631 143
1771267811741 0.8372079730033875 144
1771267814637 0.6741979122161865 145
1771267819763 0.815298318862915 146
1771267823912 0.3539153039455414 147
1771267829336 1.201608657836914 148
1771267833668 0.8277748823165894 149
1771267836802 0.691956639289856 150
1771267840546 0.8591861724853516 151
1771267844100 1.2167844772338867 152
1771267847352 0.6474117040634155 153
1771267851301 0.9401841163635254 154
1771267854538 0.9101575016975403 155
1771267858728 0.5206118822097778 156
1771267862946 1.2440743446350098 157
1771267867530 1.107998251914978 158
1771267871233 0.5483886003494263 159
1771267874729 0.8835969567298889 160
1771267878269 0.6811749339103699 161
1771267881503 0.7048089504241943 162
1771267887111 0.49227410554885864 163
1771267891393 0.4991246163845062 164
1771267895296 0.4580698013305664 165
1771267898213 0.5128056406974792 166
1771267902567 0.5128543972969055 167
1771267931900 0.7792892456054688 168
1771267935860 0.5522717833518982 169
1771267940697 0.7429122924804688 170
1771267944508 0.5442159175872803 171
1771267948207 0.5942086577415466 172
1771267951093 0.6137834191322327 173
1771267956078 0.6790636777877808 174
1771267960369 0.2102975994348526 175
1771267968758 1.2309801578521729 176
1771267973917 0.7371290326118469 177
1771267978279 0.6076212525367737 178
1771267982834 0.6121848821640015 179
1771267986990 1.1695970296859741 180
1771267991289 0.47091245651245117 181
1771267996513 0.7821208238601685 182
1771268000414 0.8491868376731873 183
1771268005041 0.41386178135871887 184
1771268009312 0.822002649307251 185
1771268014215 0.8698170781135559 186
1771268018148 0.47692543268203735 187
1771268021708 0.808257520198822 188
1771268025964 0.5162674784660339 189
1771268029375 0.5862098932266235 190
1771268035521 0.4485663175582886 191
1771268040114 0.41443610191345215 192
1771268044573 0.349225789308548 193
1771268047719 0.4318075180053711 194
1771268052384 0.4560733437538147 195
1771268084016 0.6176838874816895 196
1771268088337 0.45557308197021484 197
1771268093622 0.6399495601654053 198
1771268097666 0.5172262787818909 199
1771268101351 0.5221914649009705 200
1771268104215 0.4870711863040924 201
1771268109264 0.5280808806419373 202
1771268113285 0.18277277052402496 203
1771268119601 1.1380655765533447 204
1771268124552 0.3837977647781372 205
1771268127844 0.4729313254356384 206
1771268132464 0.4359472990036011 207
1771268136330 0.9038628935813904 208
1771268139775 0.44251179695129395 209
1771268143920 0.5736427307128906 210
1771268147438 0.7380040287971497 211
1771268152091 0.31650927662849426 212
1771268156555 0.5681524872779846 213
1771268161321 0.7856869697570801 214
1771268165133 0.3980206251144409 215
1771268168601 0.701114296913147 216
1771268172595 0.4578286111354828 217
1771268176356 0.3988131880760193 218
1771268182408 0.38974928855895996 219
1771268186882 0.3429586887359619 220
1771268191165 0.3445448875427246 221
1771268194283 0.38244950771331787 222
1771268198793 0.3500641882419586 223
1771268229609 0.519966721534729 224
1771268233865 0.4544004499912262 225
1771268239142 0.5527018308639526 226
1771268243328 0.4287732243537903 227
1771268247172 0.4321073293685913 228
1771268250235 0.33624836802482605 229
1771268255666 0.4590943455696106 230
1771268260032 0.16240008175373077 231
1771268265699 1.0254778861999512 232
1771268270083 0.22890469431877136 233
1771268273421 0.3466493785381317 234
1771268277452 0.36704474687576294 235
1771268281555 0.7502010464668274 236
1771268285163 0.36697885394096375 237
1771268289250 0.35794302821159363 238
1771268292588 0.6779605746269226 239
1771268296999 0.24788405001163483 240
1771268301460 0.42027416825294495 241
1771268306187 0.6749812960624695 242
1771268310124 0.320578932762146 243
1771268313746 0.5807396769523621 244
1771268317570 0.3841319978237152 245
1771268320927 0.306502103805542 246
1771268326894 0.3861073851585388 247
1771268331499 0.2911154627799988 248
1771268335559 0.31425949931144714 249
1771268338921 0.3284362852573395 250
1771268343688 0.2982753813266754 251
1771268374846 0.36271655559539795 252
1771268378816 0.3522977828979492 253
1771268383849 0.49310386180877686 254
1771268387869 0.38418373465538025 255
1771268391872 0.3642028570175171 256
1771268394911 0.2743512690067291 257
1771268400312 0.35412776470184326 258
1771268404731 0.14521507918834686 259
1771268410662 0.9268047213554382 260
1771268415121 0.17472633719444275 261
1771268418791 0.31613287329673767 262
1771268422915 0.3372303247451782 263
1771268426683 0.5885952711105347 264
1771268430042 0.3475067913532257 265
1771268434395 0.2944924831390381 266
1771268437754 0.5276756882667542 267
1771268441986 0.18806730210781097 268
1771268446471 0.3899794816970825 269
1771268451321 0.5989922285079956 270
1771268455302 0.2804042398929596 271
1771268458935 0.5384171605110168 272
1771268462901 0.21330825984477997 273
1771268466403 0.2650211751461029 274
1771268472173 0.31585782766342163 275
1771268476819 0.25095608830451965 276
1771268480837 0.3022494912147522 277
1771268483889 0.30385899543762207 278
1771268488411 1.0682092905044556 279
1771268519934 0.3120695650577545 280
1771268524404 0.39184439182281494 281
1771268529425 0.8235458731651306 282
1771268533559 0.3657791316509247 283
1771268537677 0.4112507700920105 284
1771268540587 0.3742019236087799 285
1771268546237 0.41845837235450745 286
1771268550673 0.16782362759113312 287
1771268556765 0.6477575898170471 288
1771268561209 0.22151294350624084 289
1771268564533 0.3246143162250519 290
1771268568710 0.30050426721572876 291
1771268572488 0.5366929173469543 292
1771268575908 0.4516978859901428 293
1771268580328 0.42429837584495544 294
1771268583748 0.48309606313705444 295
1771268588067 0.16642554104328156 296
1771268592281 0.3361550271511078 297
1771268597324 0.6443821787834167 298
1771268601090 0.29872381687164307 299
1771268605001 0.5143316388130188 300
1771268608780 0.21952635049819946 301
1771268612481 0.30840441584587097 302
1771268618495 0.285469114780426 303
1771268622962 0.25614500045776367 304
1771268627265 0.2535378634929657 305
1771268630408 0.32398033142089844 306
1771268634900 0.2417117953300476 307
1771267041853 1.4119017124176025 0
